211048
211028
222678
226374
237242
238195
225271
225263
255954
251487
251488
249227
258463
258464
306989
287853
287857
287861
287862
287863
287864
287865
287866
287867
287868
287869
287870
287871
287872
287873
287874
287875
287876
287877
287878
287879
297800
298795
291343
319112
298804
291356
300435
300436
343764
296903
319142
361656
361660
350347
366707
366708
351694
351695
386535
351696
386494
366622
352674
350475
350476
392615
355993
355994
355996
355998
356000
356002
356004
356005
356006
356007
356008
356010
356011
356013
356014
356015
356016
356017
401076
403375
350050
403385
403386
426723
387563
426724
387564
430884
430885
423782
406207
440945
440946
406197
406198
423787
423788
412678
412679
412680
412682
412683
412685
412687
412688
412689
412690
412691
412692
412693
412694
412695
412696
412697
412698
412699
412700
412701
412702
412703
439146
447539
456991
456992
426392
426393
426417
426418
478279
461565
446956
473918
473919
473920
463149
446960
446961
489212
489220
474466
516204
516205
474476
525816
525817
531982
514023
514024
521217
530432
538068
518954
518955
520597
520598
520599
531635
531636
531637
540173
540174
556252
562437
562438
534208
560921
560922
564786
571148
571149
534233
534234
571150
565820
534235
533274
533276
533277
533278
533279
533280
533281
533283
533284
533285
533286
533287
533288
533289
533290
533291
533292
533293
533294
533295
533296
533297
533298
582186
587476
565810
567353
565811
567354
589306
567355
589307
573019
573020
569237
569238
573027
569239
567367
602477
566926
566927
645645
645647
635658
635659
635660
566937
566938
647247
668959
649101
649103
685727
668969
685729
657631
657633
657635
661695
661697
636164
636165
636166
690351
690353
636536
636537
648681
636538
648683
682897
682921
682923
682925
682927
682929
682931
682935
682939
682941
682943
682947
682949
682951
682955
682957
682959
682961
682963
682965
667887
730283
730285
730293
667731
727917
754717
754719
754721
742617
754039
722335
722337
736063
858491
743953
817203
817205
860279
860281
848839
848841
743975
903587
903589
915783
915785
902649
902651
902653
914217
914219
914221
914223
914225
895817
895819
895821
963697
963699
963701
800479
800481
966745
966751
966753
966757
966759
884347
966763
884349
966765
884351
951329
951331
951333
951335
951337
951339
951341
951343
951345
951347
951349
951351
951353
951355
951357
951359
951361
951363
951365
951367
951369
951371
951373
913633
1041615
1041617
995467
913663
995469
1050217
1050219
1050221
1019979
1019981
1019983
936153
936155
936157
1034825
1034827
1034829
1001349
1020029
1001351
1001353
1077947
1077948
1085495
1085496
1083449
1083450
1089776
1089777
1089778
1031431
1031433
1031435
1098211
1152840
1188621
1188622
1188623
1192875
1192876
1192877
1197142
1187005
1197145
1187006
1198489
1198490
1198491
1183524
1183525
1183526
1187665
1183527
1187013
1187666
1183528
1187667
